Eight vitals entries for ONEHUNDREDNINETYFIVE,PATIENT~Format=5.S~
09 Dec 2015  11:38 AM   Cache
^GMR(120.5,29401,0)
{today-1}.113027^100295^1^{today-1}.113437^23^991^^150/90^^
^GMR(120.5,29401,5,0)
^120.505P^4^4
^GMR(120.5,29401,5,1,0)
2
^GMR(120.5,29401,5,2,0)
98
^GMR(120.5,29401,5,3,0)
50
^GMR(120.5,29401,5,4,0)
90
^GMR(120.5,29401,5,"B",2,1)

^GMR(120.5,29401,5,"B",50,3)

^GMR(120.5,29401,5,"B",90,4)

^GMR(120.5,29401,5,"B",98,2)

^GMR(120.5,29402,0)
{today-1}.113027^100295^5^{today-1}.113437^23^991^^80^^
^GMR(120.5,29402,5,0)
^120.505P^1^1
^GMR(120.5,29402,5,1,0)
63
^GMR(120.5,29402,5,"B",63,1)

^GMR(120.5,29403,0)
{today-1}.113027^100295^3^{today-1}.113437^23^991^^10^^
^GMR(120.5,29403,5,0)
^120.505P^2^2
^GMR(120.5,29403,5,1,0)
47
^GMR(120.5,29403,5,2,0)
50
^GMR(120.5,29403,5,"B",47,1)

^GMR(120.5,29403,5,"B",50,2)

^GMR(120.5,29404,0)
{today-1}.113027^100295^2^{today-1}.113437^23^991^^99^^
^GMR(120.5,29404,5,0)
^120.505P^1^1
^GMR(120.5,29404,5,1,0)
6
^GMR(120.5,29404,5,"B",6,1)

^GMR(120.5,29405,0)
{today-1}.113027^100295^21^{today-1}.113437^23^991^^99^^
^GMR(120.5,29406,0)
{today-1}.113027^100295^8^{today-1}.113437^23^991^^70^^
^GMR(120.5,29407,0)
{today-1}.113027^100295^22^{today-1}.113437^23^991^^5^^
^GMR(120.5,29408,0)
{today-1}.113027^100295^9^{today-1}.113437^23^991^^179^^
^GMR(120.5,29408,5,0)
^120.505P^2^2
^GMR(120.5,29408,5,1,0)
91
^GMR(120.5,29408,5,2,0)
42
^GMR(120.5,29408,5,"B",42,2)

^GMR(120.5,29408,5,"B",91,1)



